0.0
96435.546875
-324829.1015625
498596.19140625
208129.8828125
-162617.1875
-52917.48046875
-115051.26953125
-8789.0625
-279113.76953125
-447509.765625
345397.94921875
-357604.98046875
76721.19140625
373718.26171875
495239.2578125
20568.84765625
287048.33984375
353515.625
32531.73828125
176940.91796875
98449.70703125
13427.734375
173095.703125
379089.35546875
393798.828125
339294.43359375
139831.54296875
-34199.21875
37353.515625
-55297.8515625
-446044.921875
164306.640625
254760.7421875
292358.3984375
-97290.0390625
-403015.13671875
289062.5
180603.02734375
-26489.2578125
240539.55078125
-302246.09375
-486999.51171875
-151855.46875
-443420.41015625
304260.25390625
127136.23046875
73181.15234375
278076.171875
162536.62109375
-417846.6796875
-60363.76953125
198486.328125
-398803.7109375
402282.71484375
-370483.3984375
117248.53515625
-296386.71875
487792.96875
220214.84375
97045.8984375
-331298.828125
-202148.4375
57250.9765625
-479003.90625
-273010.25390625
-311706.54296875
-353149.4140625
-55603.02734375
-338989.2578125
-81237.79296875
160705.56640625
494750.9765625
-131958.0078125
81665.0390625
134521.484375
-378295.8984375
109436.03515625
93627.9296875
359008.7890625
426574.70703125
-436645.5078125
425476.07421875
73425.29296875
79956.0546875
-44311.5234375
228698.73046875
-138061.5234375
144226.07421875
113159.1796875
286437.98828125
-393127.44140625
461364.74609375
24841.30859375
169250.48828125
-198059.08203125
136535.64453125
-262390.13671875
400817.87109375
293457.03125
-386657.71484375
274902.34375
198059.08203125
135925.29296875
387695.3125
-484802.24609375
-141479.4921875
457805.17578125
-401977.5390625
-257568.359375
-380187.98828125
-99548.33984375
-125874.0234375
29602.05078125
311340.33203125
-118103.02734375
-20568.84765625
-36926.26953125
325297.8515625
480773.92578125
-222229.00390625
-178649.90234375
-408081.0546875
-133972.16796875
375549.31640625
-11005.859375
136840.8203125
-474609.375
-138916.015625
433288.57421875
55603.02734375
184753.41796875
-258300.78125
-7629.39453125
75744.62890625
-124816.89453125
-49621.58203125
-12573.2421875
-486145.01953125
168884.27734375
213562.01171875
243530.2734375
288208.0078125
178649.90234375
-401733.3984375
490905.76171875
-92365.72265625
-20812.98828125
269104.00390625
-252441.40625
-453002.9296875
49987.79296875
-103698.73046875
-417602.5390625
253234.86328125
-329345.703125
-413818.359375
66833.49609375
-2929.6875
-370239.2578125
-211120.60546875
177429.19921875
244445.80078125
-122863.76953125
-42927.24609375
112548.828125
-71105.95703125
149047.8515625
-126708.984375
-58593.75
419860.83984375
-277160.64453125
440002.44140625
408386.23046875
384948.73046875
146240.234375
-14526.3671875
-388916.015625
-23254.39453125
-401489.2578125
231750.48828125
-485961.9140625
-147724.609375
-38024.90234375
112365.72265625
-368835.44921875
-445678.7109375
-179199.21875
42053.22265625
454040.52734375
101989.74609375
276916.50390625
-389038.0859375
-460998.53515625
34912.109375
492126.46484375
-477905.2734375
292114.2578125
113200.68359375
291564.94140625
-126606.4453125
28869.62890625
-201660.15625
316589.35546875
-485595.703125
368896.484375
298034.66796875
-267089.84375
-84533.69140625
-238220.21484375
333984.375
-250935.05859375
-125976.5625
-333068.84765625
451660.15625
199340.8203125
488159.1796875
425476.07421875
-56274.4140625
4211.42578125
334819.3359375
459777.83203125
77209.47265625
198730.46875
75012.20703125
173645.01953125
467895.5078125
-36743.1640625
405761.71875
23193.359375
351257.32421875
90209.9609375
364868.1640625
-207885.7421875
-109252.9296875
-180664.0625
-303833.0078125
-57697.75390625
67260.7421875
-277709.9609375
-285888.671875
116821.2890625
85754.39453125
367492.67578125
449768.06640625
219787.59765625
46855.46875
194702.1484375
-432006.8359375
-181884.765625
-342651.3671875
288940.4296875
-315429.6875
202819.82421875
201721.19140625
-210815.4296875
269836.42578125
475280.76171875
-98022.4609375
434387.20703125
271423.33984375
-431030.2734375
299194.3359375
-182006.8359375
-190185.546875
137329.1015625
-38696.2890625
11413.57421875
-340087.890625
239746.09375
-115192.87109375
-751.953125
116577.1484375
131286.62109375
-45837.40234375
418457.03125
187377.9296875
-271484.375
-386474.609375
-196289.0625
471801.7578125
-123840.33203125
463623.046875
-117309.5703125
34179.6875
-325500.48828125
-144592.28515625
-85205.078125
333862.3046875
-453613.28125
49926.7578125
-72692.87109375
438476.5625
-158813.4765625
91857.91015625
-199157.71484375
462402.34375
-203552.24609375
483093.26171875
291259.765625
-84228.515625
281433.10546875
334289.55078125
295593.26171875
-48278.80859375
-201416.015625
477600.09765625
-187805.17578125
-219421.38671875
70495.60546875
256694.3359375
374023.4375
-115905.76171875
460632.32421875
-302856.4453125
-250000.0
253540.0390625
488952.63671875
-488708.49609375
-215698.2421875
195190.4296875
-278381.34765625
278564.453125
-91491.69921875
129211.42578125
410400.390625
-270263.671875
393493.65234375
-378723.14453125
-257751.46484375
481750.48828125
305175.78125
456665.0390625
-32165.52734375
455566.40625
447387.6953125
384704.58984375
-479064.94140625
329101.5625
-404968.26171875
-481811.5234375
-369018.5546875
-372456.0546875
-209350.5859375
-58410.64453125
-121093.75
-495483.3984375
-91674.8046875
-8300.78125
-245910.64453125
-223571.77734375
339355.46875
-462829.58984375
337707.51953125
-351135.25390625
278666.9921875
403625.48828125
-56884.765625
87524.4140625
-12207.03125
361083.984375
-122314.453125
-283081.0546875
-200256.34765625
-240600.5859375
346313.4765625
-466389.16015625
-402465.8203125
459655.76171875
39489.74609375
328308.10546875
-177429.19921875
417663.57421875
-10131.8359375
-431396.484375
259033.203125
-122985.83984375
257934.5703125
408874.51171875
-247802.734375
285156.25
497680.6640625
-113769.53125
312377.9296875
-359558.10546875
29541.015625
-285461.42578125
-347045.8984375
353210.44921875
152648.92578125
22399.90234375
-496948.2421875
-375427.24609375
-193969.7265625
-244282.2265625
-65917.96875
-97534.1796875
-434326.171875
76843.26171875
137329.1015625
51757.8125
372192.3828125
279541.015625
-499206.54296875
-33813.4765625
-50170.8984375
78430.17578125
-129211.42578125
282226.5625
-481811.5234375
348693.84765625
-438781.73828125
-88378.90625
-428059.08203125
-325988.76953125
497436.5234375
-137451.171875
478881.8359375
-21564.94140625
88134.765625
79956.0546875
467407.2265625
-157307.12890625
-108642.578125
196533.203125
340942.3828125
-56335.44921875
-227478.02734375
-83618.1640625
168151.85546875
449340.8203125
-40039.0625
-437866.2109375
446594.23828125
39489.74609375
-350158.69140625
-145263.671875
-300048.828125
8769.53125
164245.60546875
254150.390625
-198730.46875
190368.65234375
440490.72265625
50842.28515625
348388.671875
431762.6953125
489360.3515625
-358051.7578125
-202575.68359375
420288.0859375
-482177.734375
-338317.87109375
270935.05859375
-263671.875
-287658.69140625
-387390.13671875
85083.0078125
-375427.24609375
-475708.0078125
4394.53125
431640.625
-240295.41015625
194030.76171875
-38696.2890625
158569.3359375
165649.4140625
409240.72265625
269714.35546875
-310668.9453125
-326477.05078125
-82885.7421875
-404418.9453125
76232.91015625
-118347.16796875
48400.87890625
360656.73828125
268554.6875
-464416.50390625
-197387.6953125
-115661.62109375
441284.1796875
-376708.984375
325195.3125
42358.3984375
179138.18359375
162780.76171875
101196.2890625
-307006.8359375
-269958.49609375
490783.69140625
-204040.52734375
199768.06640625
-44921.875
-176818.84765625
-444946.2890625
-78735.3515625
-362121.58203125
492370.60546875
-301635.7421875
-486389.16015625
39489.74609375
-441711.42578125
129943.84765625
-489135.7421875
13854.98046875
-460266.11328125
331542.96875
399108.88671875
15991.2109375
-465209.9609375
396911.62109375
195251.46484375
171264.6484375
-58715.8203125
32287.59765625
-449462.890625
-375366.2109375
219177.24609375
5004.8828125
232788.0859375
-386291.50390625
-426635.7421875
321044.921875
104125.9765625
-141113.28125
-119873.046875
62683.10546875
482299.8046875
413085.9375
68115.234375
256652.83203125
202697.75390625
2685.546875
-5493.1640625
-387512.20703125
-105773.92578125
-274169.921875
403747.55859375
82763.671875
379760.7421875
81665.0390625
-408813.4765625
-141784.66796875
284912.109375
-128173.828125
-382141.11328125
52185.05859375
364440.91796875
-42114.2578125
446166.9921875
239074.70703125
-32490.234375
92468.26171875
-15441.89453125
334411.62109375
385620.1171875
3051.7578125
-462890.625
-304870.60546875
29724.12109375
296752.9296875
-344665.52734375
-292358.3984375
316894.53125
-203552.24609375
-135437.01171875
-395935.05859375
266723.6328125
43823.2421875
-468994.140625
215454.1015625
92834.47265625
-357849.12109375
456848.14453125
174011.23046875
-361145.01953125
104248.046875
187622.0703125
-408569.3359375
-73425.29296875
147827.1484375
92773.4375
281860.3515625
-161743.1640625
409362.79296875
-156311.03515625
94909.66796875
392456.0546875
-387390.13671875
260559.08203125
335754.39453125
-100219.7265625
456726.07421875
277954.1015625
-462646.484375
-36499.0234375
92651.3671875
-472473.14453125
-246887.20703125
-3845.21484375
-432189.94140625
-137531.73828125
-35461.42578125
-242553.7109375
8666.9921875
-412048.33984375
236450.1953125
492004.39453125
-98205.56640625
-83496.09375
-473144.53125
-306945.80078125
211853.02734375
483073.73046875
-483520.5078125
248901.3671875
-279174.8046875
-364196.77734375
70678.7109375
-465026.85546875
43945.3125
-348449.70703125
-28015.13671875
452087.40234375
-467976.07421875
-289611.81640625
130004.8828125
175231.93359375
134338.37890625
87463.37890625
-485290.52734375
-131794.43359375
-17353.515625
115234.375
487426.7578125
-169250.48828125
165893.5546875
157714.84375
440002.44140625
133728.02734375
-96801.7578125
-79548.33984375
30151.3671875
-443420.41015625
-149169.921875
-480671.38671875
-386230.46875
482421.875
-220581.0546875
-381347.65625
-473449.70703125
-93078.61328125
172851.5625
72570.80078125
-29357.91015625
401672.36328125
164062.5
-431579.58984375
262695.3125
498107.91015625
85571.2890625
367858.88671875
298645.01953125
-48664.55078125
68664.55078125
51757.8125
43029.78515625
-377136.23046875
-189147.94921875
59184.5703125
199401.85546875
-289978.02734375
76232.91015625
-427856.4453125
96374.51171875
94177.24609375
-420288.0859375
-367980.95703125
-180683.59375
-101501.46484375
211303.7109375
35278.3203125
138652.34375
240722.65625
-454101.5625
129516.6015625
401977.5390625
-56335.44921875
363281.25
-127746.58203125
-472167.96875
61889.6484375
-496154.78515625
-244.140625
-460754.39453125
424255.37109375
-432434.08203125
123413.0859375
-381774.90234375
-122924.8046875
479248.046875
112487.79296875
233459.47265625
-95703.125
59978.02734375
154418.9453125
-381286.62109375
-306640.625
87890.625
170715.33203125
-325744.62890625
-426025.390625
-366088.8671875
465515.13671875
212097.16796875
-353576.66015625
-58776.85546875
-441894.53125
336303.7109375
-53894.04296875
402221.6796875
119384.765625
-422851.5625
-10864.2578125
316650.390625
124816.89453125
235412.59765625
-360229.4921875
-285583.49609375
57739.2578125
11413.57421875
489177.24609375
-385864.2578125
-103576.66015625
314941.40625
-410400.390625
-297607.421875
-45837.40234375
-32226.5625
-17517.08984375
-96557.6171875
46752.9296875
-45898.4375
-671.38671875
115214.84375
209655.76171875
155151.3671875
-89538.57421875
-98266.6015625
456481.93359375
-430175.78125
50476.07421875
-377868.65234375
369812.01171875
-486328.125
-395874.0234375
-144104.00390625
198120.1171875
-214965.8203125
197021.484375
-263488.76953125
460754.39453125
32958.984375
-257507.32421875
-83129.8828125
-263142.08984375
-115295.41015625
-391601.5625
-294067.3828125
95031.73828125
290100.09765625
335327.1484375
-206909.1796875
318969.7265625
432312.01171875
248657.2265625
446472.16796875
-65246.58203125
85144.04296875
434997.55859375
-260925.29296875
-383544.921875
-277282.71484375
325439.453125
369567.87109375
-426086.42578125
267639.16015625
58349.609375
103027.34375
444152.83203125
69213.8671875
175476.07421875
-101379.39453125
117675.78125
-27832.03125
-287780.76171875
78430.17578125
322570.80078125
-98144.53125
98022.4609375
-329772.94921875
-147216.796875
-255126.953125
-209899.90234375
408081.0546875
499084.47265625
391723.6328125
364848.6328125
479289.55078125
-464416.50390625
-171264.6484375
178039.55078125
-112426.7578125
-318969.7265625
-243225.09765625
479919.43359375
136047.36328125
471740.72265625
326232.91015625
241210.9375
454833.984375
-411274.4140625
-286315.91796875
224853.515625
283142.08984375
327270.5078125
309265.13671875
84575.1953125
194274.90234375
452026.3671875
235656.73828125
449279.78515625
-406860.3515625
-423217.7734375
178405.76171875
299926.7578125
176208.49609375
-106628.41796875
-275024.4140625
355327.1484375
480285.64453125
-230895.99609375
-40710.44921875
285156.25
245910.64453125
-433654.78515625
-284912.109375
-143391.11328125
-21320.80078125
-18432.6171875
-324157.71484375
-195556.640625
100341.796875
-15747.0703125
-268066.40625
151000.9765625
50170.8984375
-362365.72265625
-413776.85546875
-235412.59765625
112243.65234375
-224548.33984375
61931.15234375
199260.25390625
331848.14453125
124206.54296875
221740.72265625
-404418.9453125
30456.54296875
387390.13671875
119262.6953125
-454040.52734375
-76008.30078125
-19714.35546875
-287292.48046875
-411010.7421875
297973.6328125
121948.2421875
433105.46875
-232849.12109375
-263916.015625
-35034.1796875
337707.51953125
-381103.515625
-352233.88671875
-92834.47265625
-392028.80859375
58105.46875
-148986.81640625
-394226.07421875
-327209.47265625
-68359.375
197570.80078125
294555.6640625
-118530.2734375
-426452.63671875
-121276.85546875
-251525.87890625
165202.63671875
244384.765625
228576.66015625
158813.4765625
364807.12890625
-278808.59375
-248840.33203125
330993.65234375
-74462.890625
-242858.88671875
-83190.91796875
-125874.0234375
-92468.26171875
-20019.53125
383789.0625
15930.17578125
136901.85546875
479675.29296875
219726.5625
127075.1953125
-438049.31640625
300903.3203125
-149780.2734375
-22827.1484375
389160.15625
-147644.04296875
-331848.14453125
300842.28515625
-180358.88671875
-356384.27734375
32165.52734375
-105712.890625
474121.09375
68115.234375
410888.671875
-116088.8671875
343261.71875
67504.8828125
-177185.05859375
-179931.640625
-273132.32421875
39123.53515625
-419189.453125
435302.734375
-358703.61328125
347392.578125
-492390.13671875
-367431.640625
-1770.01953125
35827.63671875
-239929.19921875
235087.890625
390563.96484375
-44860.83984375
61401.3671875
175292.96875
-336425.78125
197082.51953125
-491210.9375
176879.8828125
152893.06640625
-39489.74609375
89660.64453125
463500.9765625
379028.3203125
-355041.50390625
217163.0859375
-379028.3203125
411540.52734375
452575.68359375
-350708.0078125
326660.15625
-124572.75390625
-301696.77734375
109741.2109375
-30334.47265625
366394.04296875
-351318.359375
385437.01171875
201782.2265625
413757.32421875
23010.25390625
-359008.7890625
395751.953125
-344848.6328125
-200439.453125
-3173.828125
224609.375
-333435.05859375
85083.0078125
-121459.9609375
328125.0
-192871.09375
335693.359375
248168.9453125
403442.3828125
-238525.390625
370727.5390625
391967.7734375
-181335.44921875
207763.671875
-228210.44921875
-299072.265625
-163940.4296875
-226623.53515625
276916.50390625
-356872.55859375
-112731.93359375
258361.81640625
-231018.06640625
-247924.8046875
34362.79296875
-156921.38671875
389648.4375
327514.6484375
112792.96875
117126.46484375
200500.48828125
268615.72265625
-143920.8984375
-289428.7109375
107299.8046875
-61096.19140625
-321044.921875
98571.77734375
-352111.81640625
349243.1640625
-140136.71875
-385375.9765625
102905.2734375
-88928.22265625
351379.39453125
132812.5
101196.2890625
451599.12109375
176391.6015625
-320068.359375
-351135.25390625
-54687.5
-253601.07421875
112060.546875
-273803.7109375
-252014.16015625
-291259.765625
-178466.796875
-262939.453125
-240600.5859375
-493469.23828125
-364868.1640625
-182312.01171875
-228637.6953125
236206.0546875
19836.42578125
34545.8984375
468322.75390625
-205810.546875
225219.7265625
415405.2734375
223571.77734375
-303405.76171875
-190063.4765625
107482.91015625
-495788.57421875
65490.72265625
-41870.1171875
498718.26171875
437133.7890625
448955.078125
-380310.05859375
-36987.3046875
-403747.55859375
44189.453125
-270263.671875
-453918.45703125
153686.5234375
45776.3671875
136779.78515625
-466491.69921875
-131347.65625
-79040.52734375
-423461.9140625
9765.625
274597.16796875
-107421.875
-223510.7421875
232604.98046875
-310180.6640625
-82946.77734375
-98754.8828125
266357.421875
194255.37109375
372619.62890625
-79162.59765625
-309143.06640625
232543.9453125
369323.73046875
-463378.90625
108825.68359375
62500.0
76110.83984375
303894.04296875
340942.3828125
119140.625
-354431.15234375
-90148.92578125
-403503.41796875
-68908.69140625
-61828.61328125
82580.56640625
226989.74609375
-445495.60546875
-447692.87109375
-82580.56640625
-222106.93359375
288513.18359375
478698.73046875
-125671.38671875
353332.51953125
54138.18359375
-337707.51953125
185832.51953125
330791.015625
448120.1171875
376018.06640625
-453247.0703125
-117553.7109375
377258.30078125
-325195.3125
-381896.97265625
-357563.4765625
-308898.92578125
430053.7109375
-51696.77734375
-243530.2734375
387512.20703125
364074.70703125
-499694.82421875
148803.7109375
-317138.671875
246887.20703125
-130798.33984375
-169494.62890625
-437072.75390625
-140075.68359375
-27282.71484375
-380432.12890625
-151550.29296875
176513.671875
495849.609375
4821.77734375
-66040.0390625
405334.47265625
-85693.359375
-423034.66796875
125183.10546875
206909.1796875
257568.359375
12878.41796875
-384948.73046875
-41625.9765625
484802.24609375
-416564.94140625
-119567.87109375
466796.875
-7873.53515625
-351745.60546875
266235.3515625
-215515.13671875
294555.6640625
-172485.3515625
-394287.109375
-303283.69140625
-456970.21484375
-305.17578125
5676.26953125
-433186.03515625
-270080.56640625
-363281.25
-471740.72265625
-184570.3125
-192749.0234375
469360.3515625
-188415.52734375
154357.91015625
-479980.46875
-450012.20703125
-109985.3515625
-301818.84765625
-355773.92578125
154846.19140625
-464782.71484375
418579.1015625
-85510.25390625
19653.3203125
-325866.69921875
-13061.5234375
-343322.75390625
-454121.09375
-397827.1484375
-268676.7578125
448486.328125
418864.74609375
-471435.546875
8666.9921875
-488342.28515625
258239.74609375
-421875.0
5371.09375
-445312.5
65856.93359375
384643.5546875
-310729.98046875
-258972.16796875
358459.47265625
67993.1640625
-368530.2734375
-363647.4609375
-351135.25390625
350219.7265625
311523.4375
-307556.15234375
485900.87890625
-292846.6796875
-86853.02734375
399780.2734375
314208.984375
-175170.8984375
229187.01171875
60241.69921875
289123.53515625
227539.0625
-149597.16796875
86364.74609375
307067.87109375
-282043.45703125
441650.390625
-164367.67578125
217102.05078125
17089.84375
-21606.4453125
-29785.15625
80119.62890625
227966.30859375
20324.70703125
-491394.04296875
256286.62109375
-66894.53125
436645.5078125
-479980.46875
-442382.8125
52978.515625
202270.5078125
437133.7890625
-434814.453125
488342.28515625
341735.83984375
-492065.4296875
-286071.77734375
-165649.4140625
-417968.75
-388000.48828125
-52307.12890625
-215820.3125
-330810.546875
-111206.0546875
-20202.63671875
116577.1484375
-59448.2421875
-183166.50390625
-328674.31640625
-200073.2421875
349243.1640625
324707.03125
186279.296875
-249694.82421875
-143981.93359375
243469.23828125
-453002.9296875
-233398.4375
223266.6015625
-205078.125
168762.20703125
-351684.5703125
266296.38671875
5798.33984375
165466.30859375
286437.98828125
399780.2734375
170349.12109375
-220397.94921875
-373535.15625
-329956.0546875
3540.0390625
94543.45703125
-379028.3203125
86364.74609375
335937.5
-313110.3515625
89599.609375
353881.8359375
284667.96875
-387817.3828125
252502.44140625
106994.62890625
-427612.3046875
-61950.68359375
-314819.3359375
348388.671875
72631.8359375
-477233.88671875
-487060.546875
463867.1875
43701.171875
119445.80078125
-477294.921875
-318176.26953125
-402648.92578125
-403747.55859375
-191772.4609375
303588.8671875
-125305.17578125
-304077.1484375
198913.57421875
-259399.4140625
-275207.51953125
-111755.37109375
123657.2265625
153625.48828125
-129211.42578125
-190795.8984375
441894.53125
-306884.765625
59326.171875
-296020.5078125
366638.18359375
-48786.62109375
106689.453125
-17578.125
187866.2109375
-415405.2734375
-209960.9375
231445.3125
-82458.49609375
-259033.203125
-496093.75
-10559.08203125
110961.9140625
49377.44140625
284240.72265625
169250.48828125
489685.05859375
-313049.31640625
388305.6640625
146301.26953125
-434631.34765625
221496.58203125
121215.8203125
-164367.67578125
237102.05078125
331542.96875
-242309.5703125
-235229.4921875
-458679.19921875
121154.78515625
-72326.66015625
-248901.3671875
205974.12109375
330932.6171875
282958.984375
-343750.0
-496887.20703125
67138.671875
493835.44921875
416442.87109375
-210266.11328125
-280029.296875
460021.97265625
329772.94921875
-365600.5859375
492534.1796875
-413024.90234375
402221.6796875
-241394.04296875
71411.1328125
285034.1796875
-349304.19921875
-235412.59765625
213623.046875
-298645.01953125
195068.359375
237548.828125
-239318.84765625
-26245.1171875
270202.63671875
489257.8125
320861.81640625
134460.44921875
-468811.03515625
11840.8203125
215637.20703125
313171.38671875
-263020.01953125
-160949.70703125
134948.73046875
-362060.546875
133300.78125
239562.98828125
86425.78125
176330.56640625
296752.9296875
-325073.2421875
39489.74609375
-137084.9609375
236755.37109375
-169799.8046875
292705.078125
432922.36328125
302673.33984375
-210144.04296875
-19958.49609375
-440124.51171875
-20507.8125
-66833.49609375
23620.60546875
-367675.78125
456298.828125
485717.7734375
-26000.9765625
324951.171875
-317016.6015625
-463623.046875
-143737.79296875
54077.1484375
-366088.8671875
251342.7734375
67687.98828125
439880.37109375
-341613.76953125
322143.5546875
67626.953125
193481.4453125
406555.17578125
-144409.1796875
281738.28125
21789.55078125
249023.4375
-407653.80859375
-22541.50390625
79528.80859375
384155.2734375
-318298.33984375
70251.46484375
-405517.578125
-428955.078125
310546.875
-422424.31640625
464721.6796875
97961.42578125
74523.92578125
163879.39453125
84289.55078125
-236694.3359375
-267761.23046875
-230163.57421875
459167.48046875
-152282.71484375
-191528.3203125
-344665.52734375
-360473.6328125
-170288.0859375
72753.90625
377380.37109375
-20446.77734375
253112.79296875
-395935.05859375
396423.33984375
-385620.1171875
208923.33984375
445434.5703125
139709.47265625
-321899.4140625
-139343.26171875
-330627.44140625
19226.07421875
316772.4609375
236083.984375
-475646.97265625
19165.0390625
290935.05859375
431152.34375
-432067.87109375
178283.69140625
443664.55078125
496520.99609375
-209228.515625
-446289.0625
323730.46875
-393981.93359375
-88806.15234375
417827.1484375
-441955.56640625
-91552.734375
-214721.6796875
-384216.30859375
222290.0390625
235351.5625
-109069.82421875
-476928.7109375
95275.87890625
-355407.71484375
139953.61328125
405883.7890625
357360.83984375
478881.8359375
-499877.9296875
-118408.203125
415649.4140625
77209.47265625
266845.703125
-329895.01953125
-42175.29296875
-50354.00390625
254272.4609375
436279.296875
46630.859375
114746.09375
-31311.03515625
-55297.8515625
448242.1875
-240051.26953125
275451.66015625
351196.2890625
332500.0
388793.9453125
220397.94921875
247619.62890625
-470092.7734375
-387268.06640625
85205.078125
-276672.36328125
498088.37890625
-376953.125
262817.3828125
-356262.20703125
108581.54296875
-67443.84765625
-192810.05859375
-414611.81640625
225158.69140625
-350341.796875
-160156.25
-78979.4921875
-19592.28515625
-304626.46484375
434875.48828125
-237060.546875
136779.78515625
-153686.5234375
-497558.59375
135681.15234375
-110656.73828125
-20202.63671875
390136.71875
175415.0390625
-15869.140625
-452392.578125
-384826.66015625
301269.53125
48400.87890625
-226806.640625
105998.53515625
185180.6640625
-472045.8984375
120849.609375
94665.52734375
-305908.203125
-207824.70703125
204162.59765625
-170227.05078125
-216552.734375
-453613.28125
64636.23046875
8483.88671875
229736.328125
465148.92578125
151245.1171875
181213.37890625
-18249.51171875
-409545.8984375
-388854.98046875
37841.796875
-215026.85546875
356628.41796875
-386169.43359375
-12878.41796875
58330.078125
99365.234375
-412902.83203125
-208007.8125
157104.4921875
255737.3046875
469360.3515625
109680.17578125
474792.48046875
-275085.44921875
-84899.90234375
97106.93359375
302001.953125
32775.87890625
-395568.84765625
-76232.91015625
175537.109375
-267517.08984375
455078.125
-432678.22265625
-59936.5234375
-129699.70703125
264282.2265625
80627.44140625
-225646.97265625
-311767.578125
127441.40625
445678.7109375
-257324.21875
-235534.66796875
-350524.90234375
30944.82421875
403137.20703125
-70434.5703125
417846.6796875
112121.58203125
339355.46875
100646.97265625
489746.09375
420532.2265625
-85205.078125
218322.75390625
288981.93359375
368164.0625
-289062.5
-297241.2109375
335998.53515625
128906.25
-337036.1328125
150146.484375
377380.37109375
207885.7421875
467285.15625
-68420.41015625
-408649.90234375
-278950.1953125
-161621.09375
378417.96875
-316406.25
-218322.75390625
285217.28515625
-350769.04296875
158203.125
-494689.94140625
283508.30078125
257873.53515625
447509.765625
240417.48046875
48034.66796875
-441345.21484375
75805.6640625
-214660.64453125
100688.4765625
108317.87109375
195129.39453125
392395.01953125
-135131.8359375
86120.60546875
475219.7265625
451782.2265625
-235961.9140625
137878.41796875
-267578.125
127502.44140625
-48522.94921875
347656.25
407592.7734375
295695.80078125
420654.296875
112731.93359375
217895.5078125
-462219.23828125
94177.24609375
-304748.53515625
-419738.76953125
113220.21484375
218383.7890625
-171264.6484375
-493896.484375
-1831.0546875
157836.9140625
-270507.8125
271179.19921875
193786.62109375
284790.0390625
130554.19921875
496765.13671875
-137023.92578125
-314147.94921875
-232421.875
55297.8515625
153930.6640625
343017.578125
-168701.171875
67260.7421875
341369.62890625
-71166.9921875
-315856.93359375
248718.26171875
-401428.22265625
-455932.6171875
305358.88671875
-267395.01953125
143493.65234375
-11291.50390625
-158996.58203125
168518.06640625
-83801.26953125
136352.5390625
127624.51171875
448059.08203125
475280.76171875
176635.7421875
297607.421875
-53894.04296875
204956.0546875
-80078.125
-196166.9921875
-122070.3125
-306274.4140625
120422.36328125
219055.17578125
-95947.265625
-28381.34765625
306762.6953125
-349914.55078125
-53466.796875
-321044.921875
-367370.60546875
143798.828125
-70922.8515625
-452941.89453125
222229.00390625
-480773.92578125
280517.578125
234191.89453125
-241577.1484375
376403.80859375
230346.6796875
-413269.04296875
201965.33203125
453186.03515625
-158264.16015625
-143554.6875
152343.75
-290710.44921875
-70007.32421875
89660.64453125
-116882.32421875
493469.23828125
346862.79296875
-59692.3828125
-495666.50390625
-374145.5078125
-100585.9375
40935.05859375
196411.1328125
73791.50390625
316284.1796875
116821.2890625
108093.26171875
-481567.3828125
250305.17578125
326049.8046875
-300109.86328125
-171508.7890625
-96313.4765625
-464721.6796875
46447.75390625
-466369.62890625
265502.9296875
-185180.6640625
469848.6328125
407714.84375
-418457.03125
251281.73828125
-313842.7734375
476318.359375
55603.02734375
444152.83203125
-93891.6015625
84472.65625
187438.96484375
95336.9140625
55541.9921875
267517.08984375
122009.27734375
304565.4296875
218994.140625
-25695.80078125
-12084.9609375
201538.0859375
-233886.71875
-205566.40625
130126.953125
172058.10546875
378051.7578125
346984.86328125
-257934.5703125
326640.625
436340.33203125
-208374.0234375
149108.88671875
-88500.9765625
-387145.99609375
-21484.375
-244.140625
266235.3515625
356689.453125
-12268.06640625
162658.69140625
184997.55859375
312500.0
-207946.77734375
256896.97265625
153320.3125
84106.4453125
403442.3828125
-422180.17578125
455200.1953125
317321.77734375
262817.3828125
-143188.4765625
-6408.69140625
160888.671875
419738.76953125
90576.171875
231140.13671875
-266418.45703125
-17536.62109375
31127.9296875
411499.0234375
487243.65234375
-260986.328125
368957.51953125
93200.68359375
161315.91796875
-11474.609375
-50170.8984375
-88867.1875
-120483.3984375
-436035.15625
-391906.73828125
42968.75
355773.92578125
80566.40625
55480.95703125
434062.5
482727.05078125
266906.73828125
-408874.51171875
-97167.96875
474487.3046875
-231262.20703125
-201293.9453125
476623.53515625
-341369.62890625
-51452.63671875
-487976.07421875
107116.69921875
98388.671875
143066.40625
124511.71875
-211730.95703125
62377.9296875
-30822.75390625
-277160.64453125
378417.96875
-73364.2578125
-379089.35546875
307556.15234375
-46142.578125
318969.7265625
127136.23046875
-18371.58203125
-418395.99609375
287841.796875
370117.1875
-462585.44921875
-395019.53125
-53894.04296875
442016.6015625
-219604.4921875
0.0
0.0
0.0
0.0
0.0
0.0
0.0
0.0
0.0
0.0
0.0
0.0
0.0
0.0
0.0
0.0
0.0
0.0
0.0
0.0
0.0
0.0
0.0
0.0
0.0
0.0
0.0
0.0
0.0
0.0
0.0
0.0
0.0
0.0
0.0
0.0
0.0
0.0
0.0
0.0
0.0
0.0
0.0
0.0
0.0
0.0
0.0
0.0
0.0
0.0
0.0
0.0
0.0
0.0
0.0
0.0
0.0
0.0
0.0
0.0
0.0
0.0
0.0
0.0
0.0
0.0
0.0
0.0
0.0
0.0
0.0
0.0
0.0
0.0
0.0
0.0
0.0
0.0
0.0
0.0
0.0
0.0
0.0
0.0
0.0
0.0
0.0
0.0
0.0
0.0
0.0
0.0
0.0
0.0
0.0
0.0
0.0
0.0
0.0
0.0
0.0
0.0
0.0
0.0
0.0
0.0
0.0
0.0
0.0
0.0
0.0
0.0
0.0
0.0
0.0
0.0
0.0
0.0
0.0
0.0
0.0
0.0
0.0
0.0
0.0
0.0
0.0
0.0
0.0
0.0
0.0
0.0
0.0
0.0
0.0
0.0
0.0
0.0
0.0
0.0
0.0
0.0
0.0
0.0
0.0
0.0
0.0
0.0
0.0
0.0
0.0
